Ordered by seed 10..15, then batch row 0..7. No sorting by outcome or dropping rows.
Source: contract_rows.csv; instrumented rows; one list per run. Rows share a brain RNG stream.
seed 10:
  mean_strength: [0.811, 0.8281, 0.832, 0.8313, 0.8303, 0.8298, 0.8132, 0.8254]
  weak_fraction: [0.0, 0.0, 0.0, 0.0, 0.0, 0.0, 0.0, 0.0]
  stationary_error_p95_deg: [6.5888, 7.1043, 6.3396, 6.1921, 6.7861, 6.0081, 6.4267, 6.6906]
  moving_error_p95_deg: [23.27, 14.0329, 9.0276, null, 12.4396, 16.5533, 23.5093, 15.0198]
  first_slope_deg_s: [-178.8628, -91.7409, -45.0715, -0.5537, 43.9549, 90.3544, 179.7674, 90.0133]
  reverse_slope_deg_s: [180.3296, 92.565, 43.7943, -0.1878, -46.8134, -89.1175, -180.2209, -92.4244]
  mean_peak_hz: [49.5977, 51.931, 51.6662, 53.66, 53.0685, 53.2356, 51.5364, 53.6126]
  mean_width_wedges: [3.5143, 3.4361, 3.4813, 3.3649, 3.5456, 3.417, 3.5352, 3.4579]
  failed_gates: ["", "", "", "", "", "", "", ""]
seed 11:
  mean_strength: [0.8102, 0.8333, 0.8253, 0.8307, 0.8294, 0.8264, 0.8102, 0.8256]
  weak_fraction: [0.0, 0.0, 0.0, 0.0, 0.0, 0.0, 0.0, 0.0]
  stationary_error_p95_deg: [5.5229, 7.1737, 6.3304, 7.1498, 6.8387, 6.9965, 6.4217, 5.6998]
  moving_error_p95_deg: [22.8104, 14.0774, 10.6771, null, 8.4106, 13.4819, 22.7429, 12.9599]
  first_slope_deg_s: [-179.3353, -90.3218, -45.0603, -1.1724, 42.9592, 90.6358, 181.0153, 89.974]
  reverse_slope_deg_s: [178.8309, 88.6294, 45.9915, 1.4794, -46.3325, -90.5379, -180.9214, -88.9693]
  mean_peak_hz: [49.0997, 52.8697, 52.1973, 52.7732, 52.747, 52.4998, 51.6674, 52.9394]
  mean_width_wedges: [3.662, 3.437, 3.3988, 3.4474, 3.4379, 3.543, 3.5699, 3.4466]
  failed_gates: ["", "", "", "", "", "", "", ""]
seed 12:
  mean_strength: [0.8128, 0.8265, 0.8312, 0.8321, 0.8332, 0.8225, 0.8151, 0.8223]
  weak_fraction: [0.0, 0.0, 0.0, 0.0, 0.0, 0.0, 0.0, 0.0]
  stationary_error_p95_deg: [7.666, 6.4739, 7.9007, 6.7088, 8.5043, 6.5895, 5.8978, 6.9911]
  moving_error_p95_deg: [22.1742, 13.4361, 8.6838, null, 9.7396, 12.6696, 22.9182, 14.4426]
  first_slope_deg_s: [-180.6931, -91.2106, -45.2609, 2.674, 47.3377, 90.5776, 179.1532, 89.9645]
  reverse_slope_deg_s: [178.7241, 91.4856, 44.6975, -2.4992, -46.9913, -90.5763, -178.1181, -90.7465]
  mean_peak_hz: [51.5295, 50.7447, 55.2588, 53.1299, 52.8115, 52.5727, 50.7494, 51.9134]
  mean_width_wedges: [3.5647, 3.5821, 3.2806, 3.5161, 3.3423, 3.5274, 3.5083, 3.4857]
  failed_gates: ["", "", "", "", "", "", "", ""]
seed 13:
  mean_strength: [0.815, 0.825, 0.8312, 0.8317, 0.8313, 0.8286, 0.8147, 0.8215]
  weak_fraction: [0.0, 0.0, 0.0, 0.0, 0.0, 0.0, 0.0, 0.0]
  stationary_error_p95_deg: [7.5915, 6.7115, 6.3666, 6.7815, 6.4763, 6.4862, 7.3323, 6.4705]
  moving_error_p95_deg: [22.7229, 13.0082, 11.0807, null, 9.2488, 15.3473, 22.0746, 12.635]
  first_slope_deg_s: [-178.6791, -88.9745, -43.6383, 0.0126, 45.2221, 90.7471, 179.2575, 89.5113]
  reverse_slope_deg_s: [178.7189, 88.9742, 47.5469, -0.4004, -45.1739, -88.6679, -180.872, -89.9499]
  mean_peak_hz: [50.395, 54.0029, 54.0849, 52.3407, 52.9576, 52.4702, 51.5955, 52.4345]
  mean_width_wedges: [3.5404, 3.3675, 3.4083, 3.5022, 3.4483, 3.4188, 3.5395, 3.53]
  failed_gates: ["", "", "", "", "", "", "", ""]
seed 14:
  mean_strength: [0.8088, 0.8285, 0.8237, 0.8299, 0.8261, 0.827, 0.813, 0.8263]
  weak_fraction: [0.0, 0.0, 0.0, 0.0, 0.0, 0.0, 0.0, 0.0]
  stationary_error_p95_deg: [6.7306, 6.5631, 7.4067, 6.9844, 7.0399, 6.5245, 6.5258, 6.7589]
  moving_error_p95_deg: [22.1797, 13.7981, 10.2318, null, 10.0393, 14.0108, 22.2363, 14.5192]
  first_slope_deg_s: [-180.1027, -88.1554, -43.1767, -0.4654, 45.9511, 89.3919, 181.0591, 88.2267]
  reverse_slope_deg_s: [178.6049, 89.2929, 46.4944, 0.167, -42.8627, -88.8775, -181.1463, -88.5937]
  mean_peak_hz: [50.729, 52.5233, 53.4053, 52.4695, 51.5052, 52.869, 49.8475, 52.2399]
  mean_width_wedges: [3.6507, 3.4222, 3.4361, 3.397, 3.4335, 3.2606, 3.5856, 3.4961]
  failed_gates: ["", "", "", "", "", "", "", ""]
seed 15:
  mean_strength: [0.8121, 0.8275, 0.8278, 0.8304, 0.8311, 0.8231, 0.8141, 0.8292]
  weak_fraction: [0.0, 0.0, 0.0, 0.0, 0.0, 0.0, 0.0, 0.0]
  stationary_error_p95_deg: [7.8795, 7.056, 6.8016, 7.385, 6.6131, 5.4453, 6.0602, 5.6176]
  moving_error_p95_deg: [22.4406, 11.7672, 9.7613, null, 8.7929, 13.7891, 21.1701, 13.3867]
  first_slope_deg_s: [-179.6961, -89.3801, -45.3081, -1.2479, 44.1896, 89.1488, 180.8426, 88.3774]
  reverse_slope_deg_s: [180.415, 90.4799, 43.7796, 0.5408, -45.0275, -89.8583, -182.0856, -88.9144]
  mean_peak_hz: [51.1026, 50.8486, 52.4704, 52.5073, 52.7695, 52.2985, 51.2221, 53.2042]
  mean_width_wedges: [3.5482, 3.5091, 3.4726, 3.5126, 3.4509, 3.4891, 3.5891, 3.3475]
  failed_gates: ["", "", "", "", "", "", "", ""]
